var = DCT = [
{c : [0.998176, 0.983620, 0.954721, 0.911900, 0.855781, 0.787183, 0.707107, 0.616719, 0.517338, 0.410413, 0.297503, 0.180255, 0.060378, -0.060378, -0.180255, -0.297503, -0.410413, -0.517338, -0.616719, -0.707107, -0.787183, -0.855781, -0.911900, -0.954721, -0.983620, -0.998176  ]},
{c : [0.992709, 0.935016, 0.822984, 0.663123, 0.464723, 0.239316, -0.000000, -0.239316, -0.464723, -0.663123, -0.822984, -0.935016, -0.992709, -0.992709, -0.935016, -0.822984, -0.663123, -0.464723, -0.239316, -0.000000, 0.239316, 0.464723, 0.663123, 0.822984, 0.935016, 0.992709 ]},
{c : [0.983620, 0.855781, 0.616719, 0.297503, -0.060378, -0.410413, -0.707107, -0.911900, -0.998176, -0.954721, -0.787183, -0.517338, -0.180255, 0.180255, 0.517338, 0.787183, 0.954721, 0.998176, 0.911900, 0.707107, 0.410413, 0.060378, -0.297503, -0.616719, -0.855781, -0.983620  ]},
{c : [0.970942, 0.748511, 0.354605, -0.120537, -0.568065, -0.885456 -1.000000, -0.885456, -0.568065, -0.120537, 0.354605, 0.748511, 0.970942, 0.970942, 0.748511, 0.354605, -0.120537, -0.568065, -0.885456 -1.000000, -0.885456, -0.568065, -0.120537, 0.354605, 0.748511, 0.970942 ]},
{c : [0.954721, 0.616719, 0.060378, -0.517338, -0.911900, -0.983620, -0.707107, -0.180255, 0.410413, 0.855781, 0.998176, 0.787183, 0.297503, -0.297503, -0.787183, -0.998176, -0.855781, -0.410413, 0.180255, 0.707107, 0.983620, 0.911900, 0.517338, -0.060378, -0.616719, -0.954721  ]},
{c : [0.935016, 0.464723, -0.239316, -0.822984, -0.992709, -0.663123, -0.000000, 0.663123, 0.992709, 0.822984, 0.239316, -0.464723, -0.935016, -0.935016, -0.464723, 0.239316, 0.822984, 0.992709, 0.663123, 0.000000, -0.663123, -0.992709, -0.822984, -0.239316, 0.464723, 0.935016  ]},
{c : [0.911900, 0.297503, -0.517338, -0.983620, -0.787183, -0.060378, 0.707107, 0.998176, 0.616719, -0.180255, -0.855781, -0.954721, -0.410413, 0.410413, 0.954721, 0.855781, 0.180255, -0.616719, -0.998176, -0.707107, 0.060378, 0.787183, 0.983620, 0.517338, -0.297503, -0.911900  ]},
{c : [0.885456, 0.120537, -0.748511, -0.970942, -0.354605, 0.568065 1.000000, 0.568065, -0.354605, -0.970942, -0.748511, 0.120537, 0.885456, 0.885456, 0.120537, -0.748511, -0.970942, -0.354605, 0.568065 1.000000, 0.568065, -0.354605, -0.970942, -0.748511, 0.120537, 0.885456   ]},
{c : [0.855781, -0.060378, -0.911900, -0.787183, 0.180255, 0.954721, 0.707107, -0.297503, -0.983620, -0.616719, 0.410413, 0.998176, 0.517338, -0.517338, -0.998176, -0.410413, 0.616719, 0.983620, 0.297503, -0.707107, -0.954721, -0.180255, 0.787183, 0.911900, 0.060378, -0.855781  ]},
{c : [0.822984, -0.239316, -0.992709, -0.464723, 0.663123, 0.935016, 0.000000, -0.935016, -0.663123, 0.464723, 0.992709, 0.239316, -0.822984, -0.822984, 0.239316, 0.992709, 0.464723, -0.663123, -0.935016, -0.000000, 0.935016, 0.663123, -0.464723, -0.992709, -0.239316, 0.822984  ]},
{c : [0.787183, -0.410413, -0.983620, -0.060378, 0.954721, 0.517338, -0.707107, -0.855781, 0.297503, 0.998176, 0.180255, -0.911900, -0.616719, 0.616719, 0.911900, -0.180255, -0.998176, -0.297503, 0.855781, 0.707107, -0.517338, -0.954721, 0.060378, 0.983620, 0.410413, -0.787183  ]},
{c : [0.748511, -0.568065, -0.885456, 0.354605, 0.970942, -0.120537 -1.000000, -0.120537, 0.970942, 0.354605, -0.885456, -0.568065, 0.748511, 0.748511, -0.568065, -0.885456, 0.354605, 0.970942, -0.120537 -1.000000, -0.120537, 0.970942, 0.354605, -0.885456, -0.568065, 0.748511 ]}
];
